0,457
0,386
53,2
51,2
53,1
53,3
50,1
50,3
54,49
54,48
54,47
54,46
54,45
54,44
54,43
54,42
54,41
54,40
54,39
54,38
54,37
54,36
52,1
52,3
51,1
51,3
54,35
3,2
10,129
10,33
10,227
10,167
10,211
10,157
10,257
10,117
10,2
10,3
9,5
9,2
9,3
8,4
8,6
8,12
8,8
8,11
8,15
8,2
8,3
28,5
28,4
28,3
28,2
28,1
28,0
27,3
27,2
27,1
27,0
20,3
20,2
20,1
19,3
19,2
19,1
12,3
12,2
12,1
11,27
11,26
11,25
11,24
11,23
11,22
11,21
11,20
11,19
11,18
11,17
11,16
11,15
11,14
11,13
11,12
11,11
11,10
11,9
11,8
11,3
11,2
11,1
10,231
10,229
10,223
10,215
10,207
